Action: 10
Obs   : [0.05, 0.0006, 1200000.0, 5000, 2, 0.8, 250000000000.0, 0.0012437499826774001, 0.0012437499826774001]
Reward: 0
Action: 3
Obs   : [0.05, 0.0004999999999999999, 1200000.0, 5000, 2, 0.8, 250000000000.0, 0.0012437499826774001, 0.0012437499826774001]
Reward: 0
Action: 9
Obs   : [0.05, 0.0004999999999999999, 1200000.0, 5000, 1.5, 0.8, 250000000000.0, 0.0012437499826774001, 0.0012437499826774001]
Reward: 0
Action: 8
Obs   : [0.05, 0.0004999999999999999, 1200000.0, 5000, 2.0, 0.8, 250000000000.0, 0.0012437499826774001, 0.0012437499826774001]
Reward: 0
Action: 0
Obs   : [0.060000000000000005, 0.0004999999999999999, 1200000.0, 5000, 2.0, 0.8, 250000000000.0, 0.0012437499826774001, 0.0012437499826774001]
Reward: 0
Action: 5
Obs   : [0.060000000000000005, 0.0004999999999999999, 1100000.0, 5000, 2.0, 0.8, 250000000000.0, 0.0012437499826774001, 0.0012437499826774001]
Reward: 0
Action: 1
Obs   : [0.05, 0.0004999999999999999, 1100000.0, 5000, 2.0, 0.8, 250000000000.0, 0.0012437499826774001, 0.0012437499826774001]
Reward: 0
Action: 4
Obs   : [0.05, 0.0004999999999999999, 1200000.0, 5000, 2.0, 0.8, 250000000000.0, 0.0012437499826774001, 0.0012437499826774001]
Reward: 0
Action: 5
Obs   : [0.05, 0.0004999999999999999, 1100000.0, 5000, 2.0, 0.8, 250000000000.0, 0.0012437499826774001, 0.0012437499826774001]
Reward: 0
Action: 6
Obs   : [0.05, 0.0004999999999999999, 1100000.0, 5500, 2.0, 0.8, 250000000000.0, 0.0012437499826774001, 0.0012437499826774001]
Reward: 0
Action: 4
Obs   : [0.05, 0.0004999999999999999, 1200000.0, 5500, 2.0, 0.8, 250000000000.0, 0.0012437499826774001, 0.0012437499826774001]
Reward: 0
Action: 3
Obs   : [0.05, 0.0003999999999999999, 1200000.0, 5500, 2.0, 0.8, 250000000000.0, 0.0012437499826774001, 0.0012437499826774001]
Reward: 0
Action: 4
Obs   : [0.05, 0.0003999999999999999, 1300000.0, 5500, 2.0, 0.8, 250000000000.0, 0.0012437499826774001, 0.0012437499826774001]
Reward: 0
Action: 3
Obs   : [0.05, 0.0002999999999999999, 1300000.0, 5500, 2.0, 0.8, 250000000000.0, 0.0012437499826774001, 0.0012437499826774001]
Reward: 0
Action: 5
Obs   : [0.05, 0.0002999999999999999, 1200000.0, 5500, 2.0, 0.8, 250000000000.0, 0.0012437499826774001, 0.0012437499826774001]
Reward: 0
Action: 1
Obs   : [0.04, 0.0002999999999999999, 1200000.0, 5500, 2.0, 0.8, 250000000000.0, 0.0012437499826774001, 0.0012437499826774001]
Reward: 0
Action: 6
Obs   : [0.04, 0.0002999999999999999, 1200000.0, 6000, 2.0, 0.8, 250000000000.0, 0.0012437499826774001, 0.0012437499826774001]
Reward: 0
Action: 0
Obs   : [0.05, 0.0002999999999999999, 1200000.0, 6000, 2.0, 0.8, 250000000000.0, 0.0012437499826774001, 0.0012437499826774001]
Reward: 0
Action: 1
Obs   : [0.04, 0.0002999999999999999, 1200000.0, 6000, 2.0, 0.8, 250000000000.0, 0.0012437499826774001, 0.0012437499826774001]
Reward: 0
Action: 3
Obs   : [0.04, 0.0002, 1200000.0, 6000, 2.0, 0.8, 250000000000.0, 0.0012437499826774001, 0.0012437499826774001]
Reward: 0
Action: 4
Obs   : [0.04, 0.0002, 1300000.0, 6000, 2.0, 0.8, 250000000000.0, 0.0012437499826774001, 0.0012437499826774001]
Reward: 0
Action: 6
Obs   : [0.04, 0.0002, 1300000.0, 6500, 2.0, 0.8, 250000000000.0, 0.0012437499826774001, 0.0012437499826774001]
Reward: 0
Action: 7
Obs   : [0.04, 0.0002, 1300000.0, 6000, 2.0, 0.8, 250000000000.0, 0.0012437499826774001, 0.0012437499826774001]
Reward: 0
Action: 9
Obs   : [0.04, 0.0002, 1300000.0, 6000, 1.5, 0.8, 250000000000.0, 0.0012437499826774001, 0.0012437499826774001]
Reward: 0
Action: 4
Obs   : [0.04, 0.0002, 1400000.0, 6000, 1.5, 0.8, 250000000000.0, 0.0012437499826774001, 0.0012437499826774001]
Reward: 0
Action: 10
Obs   : [0.04, 0.0002, 1400000.0, 6000, 1.5, 0.8, 250000000000.0, 0.0012437499826774001, 0.0012437499826774001]
Reward: 0
Action: 6
Obs   : [0.04, 0.0002, 1400000.0, 6500, 1.5, 0.8, 250000000000.0, 0.0012437499826774001, 0.0012437499826774001]
Reward: 0
Action: 1
Obs   : [0.03, 0.0002, 1400000.0, 6500, 1.5, 0.8, 250000000000.0, 0.0012437499826774001, 0.0012437499826774001]
Reward: 0
Action: 5
Obs   : [0.03, 0.0002, 1300000.0, 6500, 1.5, 0.8, 250000000000.0, 0.0012437499826774001, 0.0012437499826774001]
Reward: 0
Action: 13
Obs   : [0.03, 0.0002, 1300000.0, 6500, 1.5, 0.8, 10000000000.0, 1.990000100704492e-06, 1.990000100704492e-06]
Reward: 1
Action: 7
Obs   : [0.03, 0.0002, 1300000.0, 6000, 1.5, 0.8, 10000000000.0, 1.990000100704492e-06, 1.990000100704492e-06]
Reward: 0
Action: 4
Obs   : [0.03, 0.0002, 1400000.0, 6000, 1.5, 0.8, 10000000000.0, 1.990000100704492e-06, 1.990000100704492e-06]
Reward: 0
Action: 1
Obs   : [0.019999999999999997, 0.0002, 1400000.0, 6000, 1.5, 0.8, 10000000000.0, 1.990000100704492e-06, 1.990000100704492e-06]
Reward: 0
Action: 0
Obs   : [0.03, 0.0002, 1400000.0, 6000, 1.5, 0.8, 10000000000.0, 1.990000100704492e-06, 1.990000100704492e-06]
Reward: 0
Action: 5
Obs   : [0.03, 0.0002, 1300000.0, 6000, 1.5, 0.8, 10000000000.0, 1.990000100704492e-06, 1.990000100704492e-06]
Reward: 0
Action: 11
Obs   : [0.03, 0.0002, 1300000.0, 6000, 1.5, 0.4, 10000000000.0, 1.990000100704492e-06, 1.990000100704492e-06]
Reward: 0
Action: 12
Obs   : [0.03, 0.0002, 1300000.0, 6000, 1.5, 0.4, 260000000000.0, 0.001345240161754191, 1.990000100704492e-06]
Reward: 0
Action: 12
Obs   : [0.03, 0.0002, 1300000.0, 6000, 1.5, 0.4, 510000000000.0, 0.005175990518182516, 1.990000100704492e-06]
Reward: 0
Action: 4
Obs   : [0.03, 0.0002, 1400000.0, 6000, 1.5, 0.4, 510000000000.0, 0.005175990518182516, 1.990000100704492e-06]
Reward: 0
Action: 9
Obs   : [0.03, 0.0002, 1400000.0, 6000, 1.0, 0.4, 510000000000.0, 0.005175990518182516, 1.990000100704492e-06]
Reward: 0
Action: 13
Obs   : [0.03, 0.0002, 1400000.0, 6000, 1.0, 0.4, 260000000000.0, 0.001345240161754191, 1.990000100704492e-06]
Reward: 0
Action: 12
Obs   : [0.03, 0.0002, 1400000.0, 6000, 1.0, 0.4, 510000000000.0, 0.005175990518182516, 1.990000100704492e-06]
Reward: 0
Action: 8
Obs   : [0.03, 0.0002, 1400000.0, 6000, 1.5, 0.4, 510000000000.0, 0.005175990518182516, 1.990000100704492e-06]
Reward: 0
Action: 6
Obs   : [0.03, 0.0002, 1400000.0, 6500, 1.5, 0.4, 510000000000.0, 0.005175990518182516, 1.990000100704492e-06]
Reward: 0
Action: 8
Obs   : [0.03, 0.0002, 1400000.0, 6500, 2.0, 0.4, 510000000000.0, 0.005175990518182516, 1.990000100704492e-06]
Reward: 0
Action: 0
Obs   : [0.04, 0.0002, 1400000.0, 6500, 2.0, 0.4, 510000000000.0, 0.005175990518182516, 1.990000100704492e-06]
Reward: 0
Action: 9
Obs   : [0.04, 0.0002, 1400000.0, 6500, 1.5, 0.4, 510000000000.0, 0.005175990518182516, 1.990000100704492e-06]
Reward: 0
Action: 4
Obs   : [0.04, 0.0002, 1500000.0, 6500, 1.5, 0.4, 510000000000.0, 0.005175990518182516, 1.990000100704492e-06]
Reward: 0
Action: 0
Obs   : [0.05, 0.0002, 1500000.0, 6500, 1.5, 0.4, 510000000000.0, 0.005175990518182516, 1.990000100704492e-06]
Reward: 0
Action: 11
Obs   : [0.05, 0.0002, 1500000.0, 6500, 1.5, 0.1, 510000000000.0, 0.005175990518182516, 1.990000100704492e-06]
Reward: 0
Action: 4
Obs   : [0.05, 0.0002, 1600000.0, 6500, 1.5, 0.1, 510000000000.0, 0.005175990518182516, 1.990000100704492e-06]
Reward: 0
Action: 9
Obs   : [0.05, 0.0002, 1600000.0, 6500, 1.0, 0.1, 510000000000.0, 0.005175990518182516, 1.990000100704492e-06]
Reward: 0
Action: 1
Obs   : [0.04, 0.0002, 1600000.0, 6500, 1.0, 0.1, 510000000000.0, 0.005175990518182516, 1.990000100704492e-06]
Reward: 0
Action: 2
Obs   : [0.04, 0.00030000000000000003, 1600000.0, 6500, 1.0, 0.1, 510000000000.0, 0.005175990518182516, 1.990000100704492e-06]
Reward: 0
Action: 6
Obs   : [0.04, 0.00030000000000000003, 1600000.0, 7000, 1.0, 0.1, 510000000000.0, 0.005175990518182516, 1.990000100704492e-06]
Reward: 0
Action: 0
Obs   : [0.05, 0.00030000000000000003, 1600000.0, 7000, 1.0, 0.1, 510000000000.0, 0.005175990518182516, 1.990000100704492e-06]
Reward: 0
Action: 11
Obs   : [0.05, 0.00030000000000000003, 1600000.0, 7000, 1.0, 0.1, 510000000000.0, 0.005175990518182516, 1.990000100704492e-06]
Reward: 0
Action: 13
Obs   : [0.05, 0.00030000000000000003, 1600000.0, 7000, 1.0, 0.1, 260000000000.0, 0.001345240161754191, 1.990000100704492e-06]
Reward: 0
Action: 4
Obs   : [0.05, 0.00030000000000000003, 1700000.0, 7000, 1.0, 0.1, 260000000000.0, 0.001345240161754191, 1.990000100704492e-06]
Reward: 0
Action: 5
Obs   : [0.05, 0.00030000000000000003, 1600000.0, 7000, 1.0, 0.1, 260000000000.0, 0.001345240161754191, 1.990000100704492e-06]
Reward: 0
Action: 3
Obs   : [0.05, 0.00020000000000000004, 1600000.0, 7000, 1.0, 0.1, 260000000000.0, 0.001345240161754191, 1.990000100704492e-06]
Reward: 0

Episode: 1 Score: 1
**************************************************************************

Action: 13
Obs   : [0.05, 0.0006, 1200000.0, 5000, 2, 0.4, 10000000000.0, 1.990000100704492e-06, 1.990000100704492e-06]
Reward: 1
Action: 3
Obs   : [0.05, 0.0004999999999999999, 1200000.0, 5000, 2, 0.4, 10000000000.0, 1.990000100704492e-06, 1.990000100704492e-06]
Reward: 0
Action: 7
Obs   : [0.05, 0.0004999999999999999, 1200000.0, 4500, 2, 0.4, 10000000000.0, 1.990000100704492e-06, 1.990000100704492e-06]
Reward: 0
Action: 5
Obs   : [0.05, 0.0004999999999999999, 1100000.0, 4500, 2, 0.4, 10000000000.0, 1.990000100704492e-06, 1.990000100704492e-06]
Reward: 0
Action: 8
Obs   : [0.05, 0.0004999999999999999, 1100000.0, 4500, 2.5, 0.4, 10000000000.0, 1.990000100704492e-06, 1.990000100704492e-06]
Reward: 0
Action: 7
Obs   : [0.05, 0.0004999999999999999, 1100000.0, 4000, 2.5, 0.4, 10000000000.0, 1.990000100704492e-06, 1.990000100704492e-06]
Reward: 0
Action: 2
Obs   : [0.05, 0.0006, 1100000.0, 4000, 2.5, 0.4, 10000000000.0, 1.990000100704492e-06, 1.990000100704492e-06]
Reward: 0
Action: 3
Obs   : [0.05, 0.0004999999999999999, 1100000.0, 4000, 2.5, 0.4, 10000000000.0, 1.990000100704492e-06, 1.990000100704492e-06]
Reward: 0
Action: 2
Obs   : [0.05, 0.0006, 1100000.0, 4000, 2.5, 0.4, 10000000000.0, 1.990000100704492e-06, 1.990000100704492e-06]
Reward: 0
Action: 3
Obs   : [0.05, 0.0004999999999999999, 1100000.0, 4000, 2.5, 0.4, 10000000000.0, 1.990000100704492e-06, 1.990000100704492e-06]
Reward: 0
Action: 7
Obs   : [0.05, 0.0004999999999999999, 1100000.0, 3500, 2.5, 0.4, 10000000000.0, 1.990000100704492e-06, 1.990000100704492e-06]
Reward: 0
Action: 7
Obs   : [0.05, 0.0004999999999999999, 1100000.0, 3000, 2.5, 0.4, 10000000000.0, 1.990000100704492e-06, 1.990000100704492e-06]
Reward: 0
Action: 3
Obs   : [0.05, 0.0003999999999999999, 1100000.0, 3000, 2.5, 0.4, 10000000000.0, 1.990000100704492e-06, 1.990000100704492e-06]
Reward: 0
Action: 2
Obs   : [0.05, 0.0004999999999999999, 1100000.0, 3000, 2.5, 0.4, 10000000000.0, 1.990000100704492e-06, 1.990000100704492e-06]
Reward: 0
Action: 13
Obs   : [0.05, 0.0004999999999999999, 1100000.0, 3000, 2.5, 0.4, 10000000000.0, 1.990000100704492e-06, 1.990000100704492e-06]
Reward: 0
Action: 6
Obs   : [0.05, 0.0004999999999999999, 1100000.0, 3500, 2.5, 0.4, 10000000000.0, 1.990000100704492e-06, 1.990000100704492e-06]
Reward: 0
Action: 11
Obs   : [0.05, 0.0004999999999999999, 1100000.0, 3500, 2.5, 0.1, 10000000000.0, 1.990000100704492e-06, 1.990000100704492e-06]
Reward: 0
Action: 7
Obs   : [0.05, 0.0004999999999999999, 1100000.0, 3000, 2.5, 0.1, 10000000000.0, 1.990000100704492e-06, 1.990000100704492e-06]
Reward: 0
Action: 7
Obs   : [0.05, 0.0004999999999999999, 1100000.0, 2500, 2.5, 0.1, 10000000000.0, 1.990000100704492e-06, 1.990000100704492e-06]
Reward: 0
Action: 13
Obs   : [0.05, 0.0004999999999999999, 1100000.0, 2500, 2.5, 0.1, 10000000000.0, 1.990000100704492e-06, 1.990000100704492e-06]
Reward: 0
Action: 3
Obs   : [0.05, 0.0003999999999999999, 1100000.0, 2500, 2.5, 0.1, 10000000000.0, 1.990000100704492e-06, 1.990000100704492e-06]
Reward: 0
Action: 8
Obs   : [0.05, 0.0003999999999999999, 1100000.0, 2500, 3.0, 0.1, 10000000000.0, 1.990000100704492e-06, 1.990000100704492e-06]
Reward: 0
Action: 10
Obs   : [0.05, 0.0003999999999999999, 1100000.0, 2500, 3.0, 0.5, 10000000000.0, 1.990000100704492e-06, 1.990000100704492e-06]
Reward: 0
Action: 3
Obs   : [0.05, 0.0002999999999999999, 1100000.0, 2500, 3.0, 0.5, 10000000000.0, 1.990000100704492e-06, 1.990000100704492e-06]
Reward: 0
Action: 3
Obs   : [0.05, 0.0002, 1100000.0, 2500, 3.0, 0.5, 10000000000.0, 1.990000100704492e-06, 1.990000100704492e-06]
Reward: 0
Action: 11
Obs   : [0.05, 0.0002, 1100000.0, 2500, 3.0, 0.1, 10000000000.0, 1.990000100704492e-06, 1.990000100704492e-06]
Reward: 0
Action: 4
Obs   : [0.05, 0.0002, 1200000.0, 2500, 3.0, 0.1, 10000000000.0, 1.990000100704492e-06, 1.990000100704492e-06]
Reward: 0
Action: 0
Obs   : [0.060000000000000005, 0.0002, 1200000.0, 2500, 3.0, 0.1, 10000000000.0, 1.990000100704492e-06, 1.990000100704492e-06]
Reward: 0
Action: 5
Obs   : [0.060000000000000005, 0.0002, 1100000.0, 2500, 3.0, 0.1, 10000000000.0, 1.990000100704492e-06, 1.990000100704492e-06]
Reward: 0
Action: 11
Obs   : [0.060000000000000005, 0.0002, 1100000.0, 2500, 3.0, 0.1, 10000000000.0, 1.990000100704492e-06, 1.990000100704492e-06]
Reward: 0
Action: 5
Obs   : [0.060000000000000005, 0.0002, 1000000.0, 2500, 3.0, 0.1, 10000000000.0, 1.990000100704492e-06, 1.990000100704492e-06]
Reward: 0
Action: 10
Obs   : [0.060000000000000005, 0.0002, 1000000.0, 2500, 3.0, 0.5, 10000000000.0, 1.990000100704492e-06, 1.990000100704492e-06]
Reward: 0
Action: 13
Obs   : [0.060000000000000005, 0.0002, 1000000.0, 2500, 3.0, 0.5, 10000000000.0, 1.990000100704492e-06, 1.990000100704492e-06]
Reward: 0
Action: 12
Obs   : [0.060000000000000005, 0.0002, 1000000.0, 2500, 3.0, 0.5, 260000000000.0, 0.001345240161754191, 1.990000100704492e-06]
Reward: 0
Action: 1
Obs   : [0.05, 0.0002, 1000000.0, 2500, 3.0, 0.5, 260000000000.0, 0.001345240161754191, 1.990000100704492e-06]
Reward: 0
Action: 13
Obs   : [0.05, 0.0002, 1000000.0, 2500, 3.0, 0.5, 10000000000.0, 1.990000100704492e-06, 1.990000100704492e-06]
Reward: 0
Action: 8
Obs   : [0.05, 0.0002, 1000000.0, 2500, 3.5, 0.5, 10000000000.0, 1.990000100704492e-06, 1.990000100704492e-06]
Reward: 0
Action: 0
Obs   : [0.060000000000000005, 0.0002, 1000000.0, 2500, 3.5, 0.5, 10000000000.0, 1.990000100704492e-06, 1.990000100704492e-06]
Reward: 0
Action: 2
Obs   : [0.060000000000000005, 0.00030000000000000003, 1000000.0, 2500, 3.5, 0.5, 10000000000.0, 1.990000100704492e-06, 1.990000100704492e-06]
Reward: 0
Action: 9
Obs   : [0.060000000000000005, 0.00030000000000000003, 1000000.0, 2500, 3.0, 0.5, 10000000000.0, 1.990000100704492e-06, 1.990000100704492e-06]
Reward: 0
Action: 11
Obs   : [0.060000000000000005, 0.00030000000000000003, 1000000.0, 2500, 3.0, 0.1, 10000000000.0, 1.990000100704492e-06, 1.990000100704492e-06]
Reward: 0
Action: 4
Obs   : [0.060000000000000005, 0.00030000000000000003, 1100000.0, 2500, 3.0, 0.1, 10000000000.0, 1.990000100704492e-06, 1.990000100704492e-06]
Reward: 0
Action: 3
Obs   : [0.060000000000000005, 0.00020000000000000004, 1100000.0, 2500, 3.0, 0.1, 10000000000.0, 1.990000100704492e-06, 1.990000100704492e-06]
Reward: 0
Action: 2
Obs   : [0.060000000000000005, 0.00030000000000000003, 1100000.0, 2500, 3.0, 0.1, 10000000000.0, 1.990000100704492e-06, 1.990000100704492e-06]
Reward: 0
Action: 12
Obs   : [0.060000000000000005, 0.00030000000000000003, 1100000.0, 2500, 3.0, 0.1, 260000000000.0, 0.001345240161754191, 1.990000100704492e-06]
Reward: 0
Action: 13
Obs   : [0.060000000000000005, 0.00030000000000000003, 1100000.0, 2500, 3.0, 0.1, 10000000000.0, 1.990000100704492e-06, 1.990000100704492e-06]
Reward: 0
Action: 5
Obs   : [0.060000000000000005, 0.00030000000000000003, 1000000.0, 2500, 3.0, 0.1, 10000000000.0, 1.990000100704492e-06, 1.990000100704492e-06]
Reward: 0
Action: 8
Obs   : [0.060000000000000005, 0.00030000000000000003, 1000000.0, 2500, 3.5, 0.1, 10000000000.0, 1.990000100704492e-06, 1.990000100704492e-06]
Reward: 0
Action: 5
Obs   : [0.060000000000000005, 0.00030000000000000003, 900000.0, 2500, 3.5, 0.1, 10000000000.0, 1.990000100704492e-06, 1.990000100704492e-06]
Reward: 0
Action: 0
Obs   : [0.07, 0.00030000000000000003, 900000.0, 2500, 3.5, 0.1, 10000000000.0, 1.990000100704492e-06, 1.990000100704492e-06]
Reward: 0
Action: 6
Obs   : [0.07, 0.00030000000000000003, 900000.0, 3000, 3.5, 0.1, 10000000000.0, 1.990000100704492e-06, 1.990000100704492e-06]
Reward: 0
Action: 5
Obs   : [0.07, 0.00030000000000000003, 800000.0, 3000, 3.5, 0.1, 10000000000.0, 1.990000100704492e-06, 1.990000100704492e-06]
Reward: 0
Action: 10
Obs   : [0.07, 0.00030000000000000003, 800000.0, 3000, 3.5, 0.5, 10000000000.0, 1.990000100704492e-06, 1.990000100704492e-06]
Reward: 0
Action: 5
Obs   : [0.07, 0.00030000000000000003, 700000.0, 3000, 3.5, 0.5, 10000000000.0, 1.990000100704492e-06, 1.990000100704492e-06]
Reward: 0
Action: 12
Obs   : [0.07, 0.00030000000000000003, 700000.0, 3000, 3.5, 0.5, 260000000000.0, 0.001345240161754191, 1.990000100704492e-06]
Reward: 0
Action: 5
Obs   : [0.07, 0.00030000000000000003, 600000.0, 3000, 3.5, 0.5, 260000000000.0, 0.001345240161754191, 1.990000100704492e-06]
Reward: 0
Action: 10
Obs   : [0.07, 0.00030000000000000003, 600000.0, 3000, 3.5, 0.8, 260000000000.0, 0.001345240161754191, 1.990000100704492e-06]
Reward: 0
Action: 13
Obs   : [0.07, 0.00030000000000000003, 600000.0, 3000, 3.5, 0.8, 10000000000.0, 1.990000100704492e-06, 1.990000100704492e-06]
Reward: 0
Action: 13
Obs   : [0.07, 0.00030000000000000003, 600000.0, 3000, 3.5, 0.8, 10000000000.0, 1.990000100704492e-06, 1.990000100704492e-06]
Reward: 0
Action: 13
Obs   : [0.07, 0.00030000000000000003, 600000.0, 3000, 3.5, 0.8, 10000000000.0, 1.990000100704492e-06, 1.990000100704492e-06]
Reward: 0
Action: 6
Obs   : [0.07, 0.00030000000000000003, 600000.0, 3500, 3.5, 0.8, 10000000000.0, 1.990000100704492e-06, 1.990000100704492e-06]
Reward: 0

Episode: 2 Score: 1
**************************************************************************

Action: 5
Obs   : [0.05, 0.0006, 1100000.0, 5000, 2, 0.4, 250000000000.0, 0.0012437499826774001, 0.0012437499826774001]
Reward: 0
Action: 7
Obs   : [0.05, 0.0006, 1100000.0, 4500, 2, 0.4, 250000000000.0, 0.0012437499826774001, 0.0012437499826774001]
Reward: 0
Action: 11
Obs   : [0.05, 0.0006, 1100000.0, 4500, 2, 0.1, 250000000000.0, 0.0012437499826774001, 0.0012437499826774001]
Reward: 0
Action: 8
Obs   : [0.05, 0.0006, 1100000.0, 4500, 2.5, 0.1, 250000000000.0, 0.0012437499826774001, 0.0012437499826774001]
Reward: 0
Action: 5
Obs   : [0.05, 0.0006, 1000000.0, 4500, 2.5, 0.1, 250000000000.0, 0.0012437499826774001, 0.0012437499826774001]
Reward: 0
Action: 5
Obs   : [0.05, 0.0006, 900000.0, 4500, 2.5, 0.1, 250000000000.0, 0.0012437499826774001, 0.0012437499826774001]
Reward: 0
Action: 4
Obs   : [0.05, 0.0006, 1000000.0, 4500, 2.5, 0.1, 250000000000.0, 0.0012437499826774001, 0.0012437499826774001]
Reward: 0
Action: 10
Obs   : [0.05, 0.0006, 1000000.0, 4500, 2.5, 0.5, 250000000000.0, 0.0012437499826774001, 0.0012437499826774001]
Reward: 0
Action: 8
Obs   : [0.05, 0.0006, 1000000.0, 4500, 3.0, 0.5, 250000000000.0, 0.0012437499826774001, 0.0012437499826774001]
Reward: 0
Action: 8
Obs   : [0.05, 0.0006, 1000000.0, 4500, 3.5, 0.5, 250000000000.0, 0.0012437499826774001, 0.0012437499826774001]
Reward: 0
Action: 5
Obs   : [0.05, 0.0006, 900000.0, 4500, 3.5, 0.5, 250000000000.0, 0.0012437499826774001, 0.0012437499826774001]
Reward: 0
Action: 11
Obs   : [0.05, 0.0006, 900000.0, 4500, 3.5, 0.1, 250000000000.0, 0.0012437499826774001, 0.0012437499826774001]
Reward: 0
Action: 0
Obs   : [0.060000000000000005, 0.0006, 900000.0, 4500, 3.5, 0.1, 250000000000.0, 0.0012437499826774001, 0.0012437499826774001]
Reward: 0
Action: 5
Obs   : [0.060000000000000005, 0.0006, 800000.0, 4500, 3.5, 0.1, 250000000000.0, 0.0012437499826774001, 0.0012437499826774001]
Reward: 0
Action: 9
Obs   : [0.060000000000000005, 0.0006, 800000.0, 4500, 3.0, 0.1, 250000000000.0, 0.0012437499826774001, 0.0012437499826774001]
Reward: 0
Action: 13
Obs   : [0.060000000000000005, 0.0006, 800000.0, 4500, 3.0, 0.1, 10000000000.0, 1.990000100704492e-06, 1.990000100704492e-06]
Reward: 1
Action: 6
Obs   : [0.060000000000000005, 0.0006, 800000.0, 5000, 3.0, 0.1, 10000000000.0, 1.990000100704492e-06, 1.990000100704492e-06]
Reward: 0
Action: 3
Obs   : [0.060000000000000005, 0.0004999999999999999, 800000.0, 5000, 3.0, 0.1, 10000000000.0, 1.990000100704492e-06, 1.990000100704492e-06]
Reward: 0
Action: 9
Obs   : [0.060000000000000005, 0.0004999999999999999, 800000.0, 5000, 2.5, 0.1, 10000000000.0, 1.990000100704492e-06, 1.990000100704492e-06]
Reward: 0
Action: 9
Obs   : [0.060000000000000005, 0.0004999999999999999, 800000.0, 5000, 2.0, 0.1, 10000000000.0, 1.990000100704492e-06, 1.990000100704492e-06]
Reward: 0
Action: 9
Obs   : [0.060000000000000005, 0.0004999999999999999, 800000.0, 5000, 1.5, 0.1, 10000000000.0, 1.990000100704492e-06, 1.990000100704492e-06]
Reward: 0
Action: 10
Obs   : [0.060000000000000005, 0.0004999999999999999, 800000.0, 5000, 1.5, 0.5, 10000000000.0, 1.990000100704492e-06, 1.990000100704492e-06]
Reward: 0
Action: 7
Obs   : [0.060000000000000005, 0.0004999999999999999, 800000.0, 4500, 1.5, 0.5, 10000000000.0, 1.990000100704492e-06, 1.990000100704492e-06]
Reward: 0
Action: 2
Obs   : [0.060000000000000005, 0.0006, 800000.0, 4500, 1.5, 0.5, 10000000000.0, 1.990000100704492e-06, 1.990000100704492e-06]
Reward: 0
Action: 5
Obs   : [0.060000000000000005, 0.0006, 700000.0, 4500, 1.5, 0.5, 10000000000.0, 1.990000100704492e-06, 1.990000100704492e-06]
Reward: 0
Action: 1
Obs   : [0.05, 0.0006, 700000.0, 4500, 1.5, 0.5, 10000000000.0, 1.990000100704492e-06, 1.990000100704492e-06]
Reward: 0
Action: 0
Obs   : [0.060000000000000005, 0.0006, 700000.0, 4500, 1.5, 0.5, 10000000000.0, 1.990000100704492e-06, 1.990000100704492e-06]
Reward: 0
Action: 9
Obs   : [0.060000000000000005, 0.0006, 700000.0, 4500, 1.0, 0.5, 10000000000.0, 1.990000100704492e-06, 1.990000100704492e-06]
Reward: 0
Action: 4
Obs   : [0.060000000000000005, 0.0006, 800000.0, 4500, 1.0, 0.5, 10000000000.0, 1.990000100704492e-06, 1.990000100704492e-06]
Reward: 0
Action: 0
Obs   : [0.07, 0.0006, 800000.0, 4500, 1.0, 0.5, 10000000000.0, 1.990000100704492e-06, 1.990000100704492e-06]
Reward: 0
Action: 11
Obs   : [0.07, 0.0006, 800000.0, 4500, 1.0, 0.1, 10000000000.0, 1.990000100704492e-06, 1.990000100704492e-06]
Reward: 0
Action: 7
Obs   : [0.07, 0.0006, 800000.0, 4000, 1.0, 0.1, 10000000000.0, 1.990000100704492e-06, 1.990000100704492e-06]
Reward: 0
Action: 11
Obs   : [0.07, 0.0006, 800000.0, 4000, 1.0, 0.1, 10000000000.0, 1.990000100704492e-06, 1.990000100704492e-06]
Reward: 0
Action: 9
Obs   : [0.07, 0.0006, 800000.0, 4000, 0.5, 0.1, 10000000000.0, 1.990000100704492e-06, 1.990000100704492e-06]
Reward: 0
Action: 8
Obs   : [0.07, 0.0006, 800000.0, 4000, 1.0, 0.1, 10000000000.0, 1.990000100704492e-06, 1.990000100704492e-06]
Reward: 0
Action: 13
Obs   : [0.07, 0.0006, 800000.0, 4000, 1.0, 0.1, 10000000000.0, 1.990000100704492e-06, 1.990000100704492e-06]
Reward: 0
Action: 0
Obs   : [0.08, 0.0006, 800000.0, 4000, 1.0, 0.1, 10000000000.0, 1.990000100704492e-06, 1.990000100704492e-06]
Reward: 0
Action: 6
Obs   : [0.08, 0.0006, 800000.0, 4500, 1.0, 0.1, 10000000000.0, 1.990000100704492e-06, 1.990000100704492e-06]
Reward: 0
Action: 0
Obs   : [0.09, 0.0006, 800000.0, 4500, 1.0, 0.1, 10000000000.0, 1.990000100704492e-06, 1.990000100704492e-06]
Reward: 0
Action: 1
Obs   : [0.08, 0.0006, 800000.0, 4500, 1.0, 0.1, 10000000000.0, 1.990000100704492e-06, 1.990000100704492e-06]
Reward: 0
Action: 2
Obs   : [0.08, 0.0007, 800000.0, 4500, 1.0, 0.1, 10000000000.0, 1.990000100704492e-06, 1.990000100704492e-06]
Reward: 0
Action: 1
Obs   : [0.07, 0.0007, 800000.0, 4500, 1.0, 0.1, 10000000000.0, 1.990000100704492e-06, 1.990000100704492e-06]
Reward: 0
Action: 11
Obs   : [0.07, 0.0007, 800000.0, 4500, 1.0, 0.1, 10000000000.0, 1.990000100704492e-06, 1.990000100704492e-06]
Reward: 0
Action: 6
Obs   : [0.07, 0.0007, 800000.0, 5000, 1.0, 0.1, 10000000000.0, 1.990000100704492e-06, 1.990000100704492e-06]
Reward: 0
Action: 5
Obs   : [0.07, 0.0007, 700000.0, 5000, 1.0, 0.1, 10000000000.0, 1.990000100704492e-06, 1.990000100704492e-06]
Reward: 0
Action: 2
Obs   : [0.07, 0.0008, 700000.0, 5000, 1.0, 0.1, 10000000000.0, 1.990000100704492e-06, 1.990000100704492e-06]
Reward: 0
Action: 8
Obs   : [0.07, 0.0008, 700000.0, 5000, 1.5, 0.1, 10000000000.0, 1.990000100704492e-06, 1.990000100704492e-06]
Reward: 0
Action: 0
Obs   : [0.08, 0.0008, 700000.0, 5000, 1.5, 0.1, 10000000000.0, 1.990000100704492e-06, 1.990000100704492e-06]
Reward: 0
Action: 9
Obs   : [0.08, 0.0008, 700000.0, 5000, 1.0, 0.1, 10000000000.0, 1.990000100704492e-06, 1.990000100704492e-06]
Reward: 0
Action: 0
Obs   : [0.09, 0.0008, 700000.0, 5000, 1.0, 0.1, 10000000000.0, 1.990000100704492e-06, 1.990000100704492e-06]
Reward: 0
Action: 1
Obs   : [0.08, 0.0008, 700000.0, 5000, 1.0, 0.1, 10000000000.0, 1.990000100704492e-06, 1.990000100704492e-06]
Reward: 0
Action: 9
Obs   : [0.08, 0.0008, 700000.0, 5000, 0.5, 0.1, 10000000000.0, 1.990000100704492e-06, 1.990000100704492e-06]
Reward: 0
Action: 8
Obs   : [0.08, 0.0008, 700000.0, 5000, 1.0, 0.1, 10000000000.0, 1.990000100704492e-06, 1.990000100704492e-06]
Reward: 0
Action: 1
Obs   : [0.07, 0.0008, 700000.0, 5000, 1.0, 0.1, 10000000000.0, 1.990000100704492e-06, 1.990000100704492e-06]
Reward: 0
Action: 5
Obs   : [0.07, 0.0008, 600000.0, 5000, 1.0, 0.1, 10000000000.0, 1.990000100704492e-06, 1.990000100704492e-06]
Reward: 0
Action: 7
Obs   : [0.07, 0.0008, 600000.0, 4500, 1.0, 0.1, 10000000000.0, 1.990000100704492e-06, 1.990000100704492e-06]
Reward: 0
Action: 1
Obs   : [0.060000000000000005, 0.0008, 600000.0, 4500, 1.0, 0.1, 10000000000.0, 1.990000100704492e-06, 1.990000100704492e-06]
Reward: 0
Action: 6
Obs   : [0.060000000000000005, 0.0008, 600000.0, 5000, 1.0, 0.1, 10000000000.0, 1.990000100704492e-06, 1.990000100704492e-06]
Reward: 0
Action: 4
Obs   : [0.060000000000000005, 0.0008, 700000.0, 5000, 1.0, 0.1, 10000000000.0, 1.990000100704492e-06, 1.990000100704492e-06]
Reward: 0
Action: 9
Obs   : [0.060000000000000005, 0.0008, 700000.0, 5000, 0.5, 0.1, 10000000000.0, 1.990000100704492e-06, 1.990000100704492e-06]
Reward: 0
Action: 6
Obs   : [0.060000000000000005, 0.0008, 700000.0, 5500, 0.5, 0.1, 10000000000.0, 1.990000100704492e-06, 1.990000100704492e-06]
Reward: 0

Episode: 3 Score: 1
**************************************************************************

Action: 6
Obs   : [0.05, 0.0006, 1200000.0, 5500, 2, 0.4, 250000000000.0, 0.0012437499826774001, 0.0012437499826774001]
Reward: 0
Action: 9
Obs   : [0.05, 0.0006, 1200000.0, 5500, 1.5, 0.4, 250000000000.0, 0.0012437499826774001, 0.0012437499826774001]
Reward: 0
Action: 0
Obs   : [0.060000000000000005, 0.0006, 1200000.0, 5500, 1.5, 0.4, 250000000000.0, 0.0012437499826774001, 0.0012437499826774001]
Reward: 0
Action: 7
Obs   : [0.060000000000000005, 0.0006, 1200000.0, 5000, 1.5, 0.4, 250000000000.0, 0.0012437499826774001, 0.0012437499826774001]
Reward: 0
Action: 2
Obs   : [0.060000000000000005, 0.0007, 1200000.0, 5000, 1.5, 0.4, 250000000000.0, 0.0012437499826774001, 0.0012437499826774001]
Reward: 0
Action: 10
Obs   : [0.060000000000000005, 0.0007, 1200000.0, 5000, 1.5, 0.8, 250000000000.0, 0.0012437499826774001, 0.0012437499826774001]
Reward: 0
Action: 12
Obs   : [0.060000000000000005, 0.0007, 1200000.0, 5000, 1.5, 0.8, 500000000000.0, 0.0049749999307096004, 0.0012437499826774001]
Reward: 0
Action: 2
Obs   : [0.060000000000000005, 0.0008, 1200000.0, 5000, 1.5, 0.8, 500000000000.0, 0.0049749999307096004, 0.0012437499826774001]
Reward: 0
Action: 11
Obs   : [0.060000000000000005, 0.0008, 1200000.0, 5000, 1.5, 0.4, 500000000000.0, 0.0049749999307096004, 0.0012437499826774001]
Reward: 0
Action: 9
Obs   : [0.060000000000000005, 0.0008, 1200000.0, 5000, 1.0, 0.4, 500000000000.0, 0.0049749999307096004, 0.0012437499826774001]
Reward: 0
Action: 1
Obs   : [0.05, 0.0008, 1200000.0, 5000, 1.0, 0.4, 500000000000.0, 0.0049749999307096004, 0.0012437499826774001]
Reward: 0
Action: 3
Obs   : [0.05, 0.0007, 1200000.0, 5000, 1.0, 0.4, 500000000000.0, 0.0049749999307096004, 0.0012437499826774001]
Reward: 0
Action: 10
Obs   : [0.05, 0.0007, 1200000.0, 5000, 1.0, 0.8, 500000000000.0, 0.0049749999307096004, 0.0012437499826774001]
Reward: 0
Action: 8
Obs   : [0.05, 0.0007, 1200000.0, 5000, 1.5, 0.8, 500000000000.0, 0.0049749999307096004, 0.0012437499826774001]
Reward: 0
Action: 10
Obs   : [0.05, 0.0007, 1200000.0, 5000, 1.5, 0.8, 500000000000.0, 0.0049749999307096004, 0.0012437499826774001]
Reward: 0
Action: 6
Obs   : [0.05, 0.0007, 1200000.0, 5500, 1.5, 0.8, 500000000000.0, 0.0049749999307096004, 0.0012437499826774001]
Reward: 0
Action: 6
Obs   : [0.05, 0.0007, 1200000.0, 6000, 1.5, 0.8, 500000000000.0, 0.0049749999307096004, 0.0012437499826774001]
Reward: 0
Action: 11
Obs   : [0.05, 0.0007, 1200000.0, 6000, 1.5, 0.4, 500000000000.0, 0.0049749999307096004, 0.0012437499826774001]
Reward: 0
Action: 0
Obs   : [0.060000000000000005, 0.0007, 1200000.0, 6000, 1.5, 0.4, 500000000000.0, 0.0049749999307096004, 0.0012437499826774001]
Reward: 0
Action: 11
Obs   : [0.060000000000000005, 0.0007, 1200000.0, 6000, 1.5, 0.1, 500000000000.0, 0.0049749999307096004, 0.0012437499826774001]
Reward: 0
Action: 11
Obs   : [0.060000000000000005, 0.0007, 1200000.0, 6000, 1.5, 0.1, 500000000000.0, 0.0049749999307096004, 0.0012437499826774001]
Reward: 0
Action: 2
Obs   : [0.060000000000000005, 0.0008, 1200000.0, 6000, 1.5, 0.1, 500000000000.0, 0.0049749999307096004, 0.0012437499826774001]
Reward: 0
Action: 8
Obs   : [0.060000000000000005, 0.0008, 1200000.0, 6000, 2.0, 0.1, 500000000000.0, 0.0049749999307096004, 0.0012437499826774001]
Reward: 0
Action: 1
Obs   : [0.05, 0.0008, 1200000.0, 6000, 2.0, 0.1, 500000000000.0, 0.0049749999307096004, 0.0012437499826774001]
Reward: 0
Action: 2
Obs   : [0.05, 0.0009000000000000001, 1200000.0, 6000, 2.0, 0.1, 500000000000.0, 0.0049749999307096004, 0.0012437499826774001]
Reward: 0
Action: 8
Obs   : [0.05, 0.0009000000000000001, 1200000.0, 6000, 2.5, 0.1, 500000000000.0, 0.0049749999307096004, 0.0012437499826774001]
Reward: 0
Action: 7
Obs   : [0.05, 0.0009000000000000001, 1200000.0, 5500, 2.5, 0.1, 500000000000.0, 0.0049749999307096004, 0.0012437499826774001]
Reward: 0
Action: 2
Obs   : [0.05, 0.001, 1200000.0, 5500, 2.5, 0.1, 500000000000.0, 0.0049749999307096004, 0.0012437499826774001]
Reward: 0
Action: 4
Obs   : [0.05, 0.001, 1300000.0, 5500, 2.5, 0.1, 500000000000.0, 0.0049749999307096004, 0.0012437499826774001]
Reward: 0
Action: 7
Obs   : [0.05, 0.001, 1300000.0, 5000, 2.5, 0.1, 500000000000.0, 0.0049749999307096004, 0.0012437499826774001]
Reward: 0
Action: 13
Obs   : [0.05, 0.001, 1300000.0, 5000, 2.5, 0.1, 250000000000.0, 0.0012437499826774001, 0.0012437499826774001]
Reward: 0
Action: 2
Obs   : [0.05, 0.001, 1300000.0, 5000, 2.5, 0.1, 250000000000.0, 0.0012437499826774001, 0.0012437499826774001]
Reward: 0
Action: 9
Obs   : [0.05, 0.001, 1300000.0, 5000, 2.0, 0.1, 250000000000.0, 0.0012437499826774001, 0.0012437499826774001]
Reward: 0
Action: 7
Obs   : [0.05, 0.001, 1300000.0, 4500, 2.0, 0.1, 250000000000.0, 0.0012437499826774001, 0.0012437499826774001]
Reward: 0
Action: 12
Obs   : [0.05, 0.001, 1300000.0, 4500, 2.0, 0.1, 500000000000.0, 0.0049749999307096004, 0.0012437499826774001]
Reward: 0
Action: 9
Obs   : [0.05, 0.001, 1300000.0, 4500, 1.5, 0.1, 500000000000.0, 0.0049749999307096004, 0.0012437499826774001]
Reward: 0
Action: 0
Obs   : [0.060000000000000005, 0.001, 1300000.0, 4500, 1.5, 0.1, 500000000000.0, 0.0049749999307096004, 0.0012437499826774001]
Reward: 0
Action: 7
Obs   : [0.060000000000000005, 0.001, 1300000.0, 4000, 1.5, 0.1, 500000000000.0, 0.0049749999307096004, 0.0012437499826774001]
Reward: 0
Action: 2
Obs   : [0.060000000000000005, 0.001, 1300000.0, 4000, 1.5, 0.1, 500000000000.0, 0.0049749999307096004, 0.0012437499826774001]
Reward: 0
Action: 5
Obs   : [0.060000000000000005, 0.001, 1200000.0, 4000, 1.5, 0.1, 500000000000.0, 0.0049749999307096004, 0.0012437499826774001]
Reward: 0
Action: 12
Obs   : [0.060000000000000005, 0.001, 1200000.0, 4000, 1.5, 0.1, 750000000000.0, 0.011193782091140747, 0.0012437499826774001]
Reward: 0
Action: 1
Obs   : [0.05, 0.001, 1200000.0, 4000, 1.5, 0.1, 750000000000.0, 0.011193782091140747, 0.0012437499826774001]
Reward: 0
Action: 2
Obs   : [0.05, 0.001, 1200000.0, 4000, 1.5, 0.1, 750000000000.0, 0.011193782091140747, 0.0012437499826774001]
Reward: 0
Action: 0
Obs   : [0.060000000000000005, 0.001, 1200000.0, 4000, 1.5, 0.1, 750000000000.0, 0.011193782091140747, 0.0012437499826774001]
Reward: 0
Action: 8
Obs   : [0.060000000000000005, 0.001, 1200000.0, 4000, 2.0, 0.1, 750000000000.0, 0.011193782091140747, 0.0012437499826774001]
Reward: 0
Action: 11
Obs   : [0.060000000000000005, 0.001, 1200000.0, 4000, 2.0, 0.1, 750000000000.0, 0.011193782091140747, 0.0012437499826774001]
Reward: 0
Action: 0
Obs   : [0.07, 0.001, 1200000.0, 4000, 2.0, 0.1, 750000000000.0, 0.011193782091140747, 0.0012437499826774001]
Reward: 0
Action: 5
Obs   : [0.07, 0.001, 1100000.0, 4000, 2.0, 0.1, 750000000000.0, 0.011193782091140747, 0.0012437499826774001]
Reward: 0
Action: 6
Obs   : [0.07, 0.001, 1100000.0, 4500, 2.0, 0.1, 750000000000.0, 0.011193782091140747, 0.0012437499826774001]
Reward: 0
Action: 13
Obs   : [0.07, 0.001, 1100000.0, 4500, 2.0, 0.1, 500000000000.0, 0.0049749999307096004, 0.0012437499826774001]
Reward: 0
Action: 12
Obs   : [0.07, 0.001, 1100000.0, 4500, 2.0, 0.1, 750000000000.0, 0.011193782091140747, 0.0012437499826774001]
Reward: 0
Action: 0
Obs   : [0.08, 0.001, 1100000.0, 4500, 2.0, 0.1, 750000000000.0, 0.011193782091140747, 0.0012437499826774001]
Reward: 0
Action: 9
Obs   : [0.08, 0.001, 1100000.0, 4500, 1.5, 0.1, 750000000000.0, 0.011193782091140747, 0.0012437499826774001]
Reward: 0
Action: 10
Obs   : [0.08, 0.001, 1100000.0, 4500, 1.5, 0.5, 750000000000.0, 0.011193782091140747, 0.0012437499826774001]
Reward: 0
Action: 12
Obs   : [0.08, 0.001, 1100000.0, 4500, 1.5, 0.5, 1000000000000.0, 0.019899999722838402, 0.0012437499826774001]
Reward: 0
Action: 8
Obs   : [0.08, 0.001, 1100000.0, 4500, 2.0, 0.5, 1000000000000.0, 0.019899999722838402, 0.0012437499826774001]
Reward: 0
Action: 12
Obs   : [0.08, 0.001, 1100000.0, 4500, 2.0, 0.5, 1000000000000.0, 0.019899999722838402, 0.0012437499826774001]
Reward: 0
Action: 12
Obs   : [0.08, 0.001, 1100000.0, 4500, 2.0, 0.5, 1000000000000.0, 0.019899999722838402, 0.0012437499826774001]
Reward: 0
Action: 1
Obs   : [0.07, 0.001, 1100000.0, 4500, 2.0, 0.5, 1000000000000.0, 0.019899999722838402, 0.0012437499826774001]
Reward: 0
Action: 5
Obs   : [0.07, 0.001, 1000000.0, 4500, 2.0, 0.5, 1000000000000.0, 0.019899999722838402, 0.0012437499826774001]
Reward: 0
Action: 1
Obs   : [0.060000000000000005, 0.001, 1000000.0, 4500, 2.0, 0.5, 1000000000000.0, 0.019899999722838402, 0.0012437499826774001]
Reward: 0

Episode: 4 Score: 0
**************************************************************************

Action: 2
Obs   : [0.05, 0.0007, 1200000.0, 5000, 2, 0.4, 250000000000.0, 0.0012437499826774001, 0.0012437499826774001]
Reward: 0
Action: 10
Obs   : [0.05, 0.0007, 1200000.0, 5000, 2, 0.8, 250000000000.0, 0.0012437499826774001, 0.0012437499826774001]
Reward: 0
Action: 11
Obs   : [0.05, 0.0007, 1200000.0, 5000, 2, 0.4, 250000000000.0, 0.0012437499826774001, 0.0012437499826774001]
Reward: 0
Action: 2
Obs   : [0.05, 0.0008, 1200000.0, 5000, 2, 0.4, 250000000000.0, 0.0012437499826774001, 0.0012437499826774001]
Reward: 0
Action: 12
Obs   : [0.05, 0.0008, 1200000.0, 5000, 2, 0.4, 500000000000.0, 0.0049749999307096004, 0.0012437499826774001]
Reward: 0
Action: 12
Obs   : [0.05, 0.0008, 1200000.0, 5000, 2, 0.4, 750000000000.0, 0.011193782091140747, 0.0012437499826774001]
Reward: 0
Action: 4
Obs   : [0.05, 0.0008, 1300000.0, 5000, 2, 0.4, 750000000000.0, 0.011193782091140747, 0.0012437499826774001]
Reward: 0
Action: 1
Obs   : [0.04, 0.0008, 1300000.0, 5000, 2, 0.4, 750000000000.0, 0.011193782091140747, 0.0012437499826774001]
Reward: 0
Action: 0
Obs   : [0.05, 0.0008, 1300000.0, 5000, 2, 0.4, 750000000000.0, 0.011193782091140747, 0.0012437499826774001]
Reward: 0
Action: 0
Obs   : [0.060000000000000005, 0.0008, 1300000.0, 5000, 2, 0.4, 750000000000.0, 0.011193782091140747, 0.0012437499826774001]
Reward: 0
Action: 5
Obs   : [0.060000000000000005, 0.0008, 1200000.0, 5000, 2, 0.4, 750000000000.0, 0.011193782091140747, 0.0012437499826774001]
Reward: 0
Action: 7
Obs   : [0.060000000000000005, 0.0008, 1200000.0, 4500, 2, 0.4, 750000000000.0, 0.011193782091140747, 0.0012437499826774001]
Reward: 0
Action: 1
Obs   : [0.05, 0.0008, 1200000.0, 4500, 2, 0.4, 750000000000.0, 0.011193782091140747, 0.0012437499826774001]
Reward: 0
Action: 12
Obs   : [0.05, 0.0008, 1200000.0, 4500, 2, 0.4, 1000000000000.0, 0.019899999722838402, 0.0012437499826774001]
Reward: 0
Action: 11
Obs   : [0.05, 0.0008, 1200000.0, 4500, 2, 0.1, 1000000000000.0, 0.019899999722838402, 0.0012437499826774001]
Reward: 0
Action: 5
Obs   : [0.05, 0.0008, 1100000.0, 4500, 2, 0.1, 1000000000000.0, 0.019899999722838402, 0.0012437499826774001]
Reward: 0
Action: 4
Obs   : [0.05, 0.0008, 1200000.0, 4500, 2, 0.1, 1000000000000.0, 0.019899999722838402, 0.0012437499826774001]
Reward: 0
Action: 9
Obs   : [0.05, 0.0008, 1200000.0, 4500, 1.5, 0.1, 1000000000000.0, 0.019899999722838402, 0.0012437499826774001]
Reward: 0
Action: 8
Obs   : [0.05, 0.0008, 1200000.0, 4500, 2.0, 0.1, 1000000000000.0, 0.019899999722838402, 0.0012437499826774001]
Reward: 0
Action: 0
Obs   : [0.060000000000000005, 0.0008, 1200000.0, 4500, 2.0, 0.1, 1000000000000.0, 0.019899999722838402, 0.0012437499826774001]
Reward: 0
Action: 6
Obs   : [0.060000000000000005, 0.0008, 1200000.0, 5000, 2.0, 0.1, 1000000000000.0, 0.019899999722838402, 0.0012437499826774001]
Reward: 0
Action: 12
Obs   : [0.060000000000000005, 0.0008, 1200000.0, 5000, 2.0, 0.1, 1000000000000.0, 0.019899999722838402, 0.0012437499826774001]
Reward: 0
Action: 10
Obs   : [0.060000000000000005, 0.0008, 1200000.0, 5000, 2.0, 0.5, 1000000000000.0, 0.019899999722838402, 0.0012437499826774001]
Reward: 0
Action: 4
Obs   : [0.060000000000000005, 0.0008, 1300000.0, 5000, 2.0, 0.5, 1000000000000.0, 0.019899999722838402, 0.0012437499826774001]
Reward: 0
Action: 13
Obs   : [0.060000000000000005, 0.0008, 1300000.0, 5000, 2.0, 0.5, 750000000000.0, 0.011193782091140747, 0.0012437499826774001]
Reward: 0
Action: 11
Obs   : [0.060000000000000005, 0.0008, 1300000.0, 5000, 2.0, 0.1, 750000000000.0, 0.011193782091140747, 0.0012437499826774001]
Reward: 0
Action: 10
Obs   : [0.060000000000000005, 0.0008, 1300000.0, 5000, 2.0, 0.5, 750000000000.0, 0.011193782091140747, 0.0012437499826774001]
Reward: 0
Action: 4
Obs   : [0.060000000000000005, 0.0008, 1400000.0, 5000, 2.0, 0.5, 750000000000.0, 0.011193782091140747, 0.0012437499826774001]
Reward: 0
Action: 0
Obs   : [0.07, 0.0008, 1400000.0, 5000, 2.0, 0.5, 750000000000.0, 0.011193782091140747, 0.0012437499826774001]
Reward: 0
Action: 1
Obs   : [0.060000000000000005, 0.0008, 1400000.0, 5000, 2.0, 0.5, 750000000000.0, 0.011193782091140747, 0.0012437499826774001]
Reward: 0
Action: 11
Obs   : [0.060000000000000005, 0.0008, 1400000.0, 5000, 2.0, 0.1, 750000000000.0, 0.011193782091140747, 0.0012437499826774001]
Reward: 0
Action: 10
Obs   : [0.060000000000000005, 0.0008, 1400000.0, 5000, 2.0, 0.5, 750000000000.0, 0.011193782091140747, 0.0012437499826774001]
Reward: 0
Action: 2
Obs   : [0.060000000000000005, 0.0009000000000000001, 1400000.0, 5000, 2.0, 0.5, 750000000000.0, 0.011193782091140747, 0.0012437499826774001]
Reward: 0
Action: 10
Obs   : [0.060000000000000005, 0.0009000000000000001, 1400000.0, 5000, 2.0, 0.8, 750000000000.0, 0.011193782091140747, 0.0012437499826774001]
Reward: 0
Action: 6
Obs   : [0.060000000000000005, 0.0009000000000000001, 1400000.0, 5500, 2.0, 0.8, 750000000000.0, 0.011193782091140747, 0.0012437499826774001]
Reward: 0
Action: 13
Obs   : [0.060000000000000005, 0.0009000000000000001, 1400000.0, 5500, 2.0, 0.8, 500000000000.0, 0.0049749999307096004, 0.0012437499826774001]
Reward: 0
Action: 13
Obs   : [0.060000000000000005, 0.0009000000000000001, 1400000.0, 5500, 2.0, 0.8, 250000000000.0, 0.0012437499826774001, 0.0012437499826774001]
Reward: 0
Action: 12
Obs   : [0.060000000000000005, 0.0009000000000000001, 1400000.0, 5500, 2.0, 0.8, 500000000000.0, 0.0049749999307096004, 0.0012437499826774001]
Reward: 0
Action: 5
Obs   : [0.060000000000000005, 0.0009000000000000001, 1300000.0, 5500, 2.0, 0.8, 500000000000.0, 0.0049749999307096004, 0.0012437499826774001]
Reward: 0
Action: 9
Obs   : [0.060000000000000005, 0.0009000000000000001, 1300000.0, 5500, 1.5, 0.8, 500000000000.0, 0.0049749999307096004, 0.0012437499826774001]
Reward: 0
Action: 0
Obs   : [0.07, 0.0009000000000000001, 1300000.0, 5500, 1.5, 0.8, 500000000000.0, 0.0049749999307096004, 0.0012437499826774001]
Reward: 0
Action: 8
Obs   : [0.07, 0.0009000000000000001, 1300000.0, 5500, 2.0, 0.8, 500000000000.0, 0.0049749999307096004, 0.0012437499826774001]
Reward: 0
Action: 4
Obs   : [0.07, 0.0009000000000000001, 1400000.0, 5500, 2.0, 0.8, 500000000000.0, 0.0049749999307096004, 0.0012437499826774001]
Reward: 0
Action: 8
Obs   : [0.07, 0.0009000000000000001, 1400000.0, 5500, 2.5, 0.8, 500000000000.0, 0.0049749999307096004, 0.0012437499826774001]
Reward: 0
Action: 9
Obs   : [0.07, 0.0009000000000000001, 1400000.0, 5500, 2.0, 0.8, 500000000000.0, 0.0049749999307096004, 0.0012437499826774001]
Reward: 0
Action: 5
Obs   : [0.07, 0.0009000000000000001, 1300000.0, 5500, 2.0, 0.8, 500000000000.0, 0.0049749999307096004, 0.0012437499826774001]
Reward: 0
Action: 8
Obs   : [0.07, 0.0009000000000000001, 1300000.0, 5500, 2.5, 0.8, 500000000000.0, 0.0049749999307096004, 0.0012437499826774001]
Reward: 0
Action: 3
Obs   : [0.07, 0.0008, 1300000.0, 5500, 2.5, 0.8, 500000000000.0, 0.0049749999307096004, 0.0012437499826774001]
Reward: 0
Action: 3
Obs   : [0.07, 0.0007, 1300000.0, 5500, 2.5, 0.8, 500000000000.0, 0.0049749999307096004, 0.0012437499826774001]
Reward: 0
Action: 9
Obs   : [0.07, 0.0007, 1300000.0, 5500, 2.0, 0.8, 500000000000.0, 0.0049749999307096004, 0.0012437499826774001]
Reward: 0
Action: 13
Obs   : [0.07, 0.0007, 1300000.0, 5500, 2.0, 0.8, 250000000000.0, 0.0012437499826774001, 0.0012437499826774001]
Reward: 0
Action: 8
Obs   : [0.07, 0.0007, 1300000.0, 5500, 2.5, 0.8, 250000000000.0, 0.0012437499826774001, 0.0012437499826774001]
Reward: 0
Action: 10
Obs   : [0.07, 0.0007, 1300000.0, 5500, 2.5, 0.8, 250000000000.0, 0.0012437499826774001, 0.0012437499826774001]
Reward: 0
Action: 6
Obs   : [0.07, 0.0007, 1300000.0, 6000, 2.5, 0.8, 250000000000.0, 0.0012437499826774001, 0.0012437499826774001]
Reward: 0
Action: 6
Obs   : [0.07, 0.0007, 1300000.0, 6500, 2.5, 0.8, 250000000000.0, 0.0012437499826774001, 0.0012437499826774001]
Reward: 0
Action: 10
Obs   : [0.07, 0.0007, 1300000.0, 6500, 2.5, 0.8, 250000000000.0, 0.0012437499826774001, 0.0012437499826774001]
Reward: 0
Action: 6
Obs   : [0.07, 0.0007, 1300000.0, 7000, 2.5, 0.8, 250000000000.0, 0.0012437499826774001, 0.0012437499826774001]
Reward: 0
Action: 2
Obs   : [0.07, 0.0008, 1300000.0, 7000, 2.5, 0.8, 250000000000.0, 0.0012437499826774001, 0.0012437499826774001]
Reward: 0
Action: 2
Obs   : [0.07, 0.0009000000000000001, 1300000.0, 7000, 2.5, 0.8, 250000000000.0, 0.0012437499826774001, 0.0012437499826774001]
Reward: 0
Action: 3
Obs   : [0.07, 0.0008, 1300000.0, 7000, 2.5, 0.8, 250000000000.0, 0.0012437499826774001, 0.0012437499826774001]
Reward: 0
Action: 7
Obs   : [0.07, 0.0008, 1300000.0, 6500, 2.5, 0.8, 250000000000.0, 0.0012437499826774001, 0.0012437499826774001]
Reward: 0

Episode: 5 Score: 0
**************************************************************************

Best Config: {'alpha': 0.060000000000000005, 'Ki': 0.0006, 'Ms': 800000.0, 'Rp': 4500, 'TMR': 3.0, 'eta': 0.1, 'J_she': 10000000000.0, 'd': 50, 'tf': 1.1}
