160
119
37
59
109
71
60
51
27
100
29
30
122
223
9
177
122
183
51
61
48
1
96
2
48
15
5
5
99
190
44
250
27
45
214
86
136
101
176
24
46
17
37
55
87
13
162
44
57
77
152
96
18
100
117
139
125
20
57
70
230
8
93
10
16
47
9
124
211
8
17
10
46
1
178
166
95
6
83
51
124
105
30
87
75
121
19
0
36
138
62
40
108
209
133
39
0
74
99
73
73
64
50
72
163
18
126
59
220
2
201
156
30
18
31
8
8
216
117
28
103
149
14
21
1
50
37
38
111
80
36
3
20
252
88
111
14
43
9
87
241
114
142
36
28
63
130
39
106
111
157
71
23
117
110
183
201
250
57
7
104
229
0
149
87
153
104
86
113
4
9
4
189
8
70
95
22
88
3
77
128
96
45
15
82
79
163
243
6
21
72
25
230
132
21
14
103
86
85
1
38
25
8
123
10
69
38
98
82
49
205
38
84
107
10
60
76
77
78
160
254
19
147
78
105
108
68
24
65
86
17
22
202
211
102
4
103
31
5
56
1
219
229
73
57
101
42
148
25
116
157
136
126
139
93
50
6
65
63
36
130
59
115
16
127
86
67
34
22
146
9
70
12
255
131
52
78
140
116
2
47
37
85
181
20
48
130
39
43
14
16
254
82
15
124
115
19
116
192
237
21
82
16
70
111
52
104
123
151
50
14
51
75
112
37
95
48
108
198
28
161
122
13
0
6
190
28
33
135
57
116
22
162
96
134
77
158
11
113
39
117
10
78
55
0
55
7
21
64
147
42
38
241
0
211
31
20
18
36
57
47
40
156
5
121
62
90
111
44
79
16
1
102
42
107
28
13
45
55
253
24
46
88
101
30
103
98
172
89
86
116
2
54
152
14
189
30
97
101
9
70
126
2
52
24
117
52
23
5
92
45
91
58
72
27
104
20
112
5
28
76
122
65
40
88
40
30
47
37
111
49
96
5
10
1
2
56
2
249
84
49
24
183
92
54
151
246
92
66
55
68
215
18
152
11
56
107
2
24
178
38
17
25
21
89
97
12
56
78
3
183
37
107
6
108
56
65
33
33
36
14
74
25
156
89
55
9
102
84
36
67
37
41
2
140
23
64
99
164
197
156
13
32
221
31
87
133
8
14
35
187
50
50
5
41
41
154
170
61
19
83
4
3
3
181
14
18
95
2
26
144
85
123
32
104
12
2
193
21
29
190
23
71
120
60
10
6
174
13
77
0
81
226
48
150
44
182
25
18
132
95
103
39
20
24
29
54
69
64
28
40
176
42
54
26
128
17
173
85
40
28
32
203
36
88
93
119
65
5
3
171
133
161
155
40
11
97
3
133
1
85
90
38
55
96
176
127
1
58
110
58
14
92
55
172
117
34
37
120
175
139
169
197
76
97
14
121
72
103
54
106
25
53
12
80
46
30
21
51
3
58
60
64
53
81
41
75
201
65
129
27
10
24
117
5
118
49
8
203
201
4
96
3
78
5
135
93
75
137
184
18
188
255
56
25
22
189
42
34
89
64
245
24
36
40
71
81
65
232
213
29
45
237
69
102
60
23
109
207
51
163
3
111
58
167
15
90
134
36
46
54
1
4
180
57
77
110
37
57
2
30
21
222
59
163
21
8
137
145
137
31
60
4
45
19
125
7
37
74
14
57
24
41
237
17
48
137
112
56
37
134
74
51
102
94
39
38
119
19
35
35
33
54
77
35
188
185
9
207
81
124
8
17
25
123
5
6
44
72
234
126
50
13
119
4
189
19
85
40
59
3
79
27
47
65
204
93
75
31
76
132
71
100
17
87
5
30
64
219
190
33
30
23
140
23
68
55
182
34
10
52
62
14
50
40
152
61
69
14
66
66
159
49
10
30
137
85
172
35
194
195
7
18
25
106
143
30
3
144
21
164
30
44
86
171
162
168
59
22
254
1
174
48
16
42
50
28
52
26
32
115
9
88
126
32
232
50
31
161
52
142
92
103
145
22
61
162
170
24
31
43
42
47
168
147
17
47
47
148
8
156
48
20
60
60
24
174
210
214
45
27
139
117
71
45
57
138
188
179
9
83
160
33
48
100
196
107
216
122
37
243
85
80
3
84
5
28
36
166
6
73
56
78
62
61
43
73
22
135
76
60
126
3
97
90
9
102
77
39
214
192
43
18
46
140
96
67
11
64
82
34
106
0
36
36
85
158
5
22
114
59
229
94
252
66
181
11
34
3
128
2
39
8
44
52
94
33
19
50
138
